[0;93m2026-03-18 16:08:06.977459043 [W:onnxruntime:Default, device_discovery.cc:211 DiscoverDevicesForPlatform] GPU device discovery failed: device_discovery.cc:91 ReadFileContents Failed to open file: "/sys/class/drm/card0/device/vendor"[m
================================================================================
TEXT EMBEDDING ANALYSIS
================================================================================

Embedding count: 3, dimension: 512
  [0] "a photo of a cat" norm=1.000000
  [1] "a photo of an empty room" norm=1.000000
  [2] "a photo of a person" norm=1.000000

Pairwise cosine similarities:
  "a photo of a cat" <-> "a photo of an empty room": 0.8149
  "a photo of a cat" <-> "a photo of a person": 0.8947
  "a photo of an empty room" <-> "a photo of a person": 0.8368

Pairwise L2 distances:
  "a photo of a cat" <-> "a photo of an empty room": 0.6085
  "a photo of a cat" <-> "a photo of a person": 0.4588
  "a photo of an empty room" <-> "a photo of a person": 0.5713

Cosine similarity matrix:
                                    a photo of a cat  a photo of an empty room   a photo of a person
              a photo of a cat                1.0000                0.8149                0.8947
      a photo of an empty room                0.8149                1.0000                0.8368
           a photo of a person                0.8947                0.8368                1.0000

================================================================================
RAW TEXT EMBEDDING VECTORS (for collapsible sections)
================================================================================

--- "a photo of a cat" ---
 0.014839  0.006996 -0.023371 -0.021110 -0.018464  0.019585 -0.030305 -0.074684 -0.017338  0.018549 -0.007272 -0.057772  0.018357 -0.009701  0.013113  0.013050
 0.023123 -0.017145 -0.008487  0.027411  0.060565  0.015679  0.043362 -0.002796 -0.023998  0.018364  0.023734  0.061723 -0.022451 -0.022118  0.021570  0.018090
 0.014357  0.046030 -0.020915 -0.017416  0.024183 -0.002612  0.022596  0.022664 -0.009123 -0.011028  0.026837  0.011385  0.015528  0.008279 -0.024035  0.003048
-0.005095 -0.015857  0.008153 -0.003845  0.049969 -0.009130 -0.005150 -0.028411  0.004517  0.019947 -0.005388 -0.002935  0.043714 -0.011425 -0.027927  0.005784
 0.020895 -0.020278  0.003762  0.023072 -0.019434  0.014751 -0.003600 -0.026069  0.003204  0.012309 -0.034483 -0.011848  0.016346  0.023483 -0.019632 -0.003074
-0.003614 -0.035357 -0.029620  0.016846  0.012032  0.009786  0.023984 -0.040072  0.011417  0.017615  0.022938 -0.014833 -0.121759  0.028043  0.004695 -0.002896
 0.001142 -0.023211 -0.017660 -0.010643 -0.005106 -0.015266  0.003489  0.032025  0.006475 -0.015005 -0.000201  0.038992 -0.005805  0.002785 -0.013927 -0.057939
 0.003513  0.009800 -0.032628  0.028842 -0.010531  0.008563  0.010491 -0.013492  0.030259 -0.092245 -0.023934 -0.058276  0.024493 -0.028413 -0.013765 -0.026395
-0.005102  0.052330 -0.011404 -0.053113 -0.032603  0.592051 -0.010326 -0.045170 -0.024429 -0.028881 -0.011296 -0.006563 -0.002952  0.002935 -0.021412  0.014674
-0.048452  0.022445 -0.000285 -0.060716 -0.016432 -0.003813  0.030438 -0.007276 -0.010135  0.018531 -0.014650 -0.001371  0.015868 -0.029033 -0.001338 -0.011534
-0.000495  0.011289  0.007634 -0.059871  0.033806 -0.004538  0.016722 -0.036592 -0.001036 -0.004827 -0.027720  0.004278 -0.011464 -0.007810 -0.044915  0.022430
-0.013209  0.010819  0.024332  0.025690 -0.004985  0.015365 -0.056797  0.008760 -0.020620  0.010319 -0.000196 -0.019934 -0.033101 -0.012335 -0.000110 -0.036603
 0.005439  0.013546 -0.012721  0.005976 -0.021937 -0.028050 -0.048516 -0.017735 -0.013826 -0.014257 -0.004911  0.018046  0.025086  0.011983 -0.005797 -0.051127
 0.032241 -0.022883  0.021295  0.055492  0.009835  0.010136  0.005822  0.000602  0.004969 -0.027902  0.022185 -0.009541  0.007488 -0.017954  0.011764 -0.023585
 0.008475 -0.000768  0.035895  0.016582 -0.014639 -0.038083 -0.008885  0.011895 -0.003912  0.042997  0.017979  0.013502 -0.001690  0.012070 -0.032003 -0.013354
 0.006012  0.011834 -0.017607  0.027006  0.017145  0.008131 -0.003736 -0.009061 -0.037125 -0.025833 -0.027267  0.016637  0.018013  0.031306 -0.006468  0.017683
-0.025912  0.004980  0.002649  0.038659 -0.020510  0.004507 -0.012574 -0.009839 -0.033162 -0.000465 -0.019118 -0.025811 -0.016663  0.009347 -0.008316  0.003957
 0.016309 -0.011269 -0.029599  0.015907  0.005231  0.038075  0.001992  0.016034  0.022112  0.032162  0.015522  0.025459  0.000394  0.017573 -0.012579  0.008173
 0.008921  0.000503  0.011111  0.008439 -0.000232  0.016637 -0.015858 -0.043443 -0.011765  0.002861  0.001950  0.011858  0.019005  0.016645 -0.011468 -0.015269
-0.033655 -0.033300 -0.007409  0.020810  0.001244 -0.001873  0.021292 -0.014394  0.591873  0.020229  0.014966  0.036775 -0.003519  0.040339  0.037654 -0.016316
 0.038378  0.042889  0.010912  0.021651  0.007537 -0.017087  0.003327 -0.032601  0.044318 -0.087025  0.021930  0.017245 -0.005886  0.001592  0.036711 -0.002266
 0.043771  0.009181  0.008722  0.010680  0.001413 -0.021704  0.030090 -0.025681  0.008813 -0.055871  0.008751  0.005795 -0.028035 -0.022341  0.020320 -0.018765
 0.024611  0.013119 -0.004574  0.020533  0.020336 -0.002158 -0.000985  0.028646  0.019898 -0.035556  0.012917  0.023320  0.026221 -0.006228  0.001972  0.008469
 0.020772 -0.003008 -0.006326  0.002812 -0.022846  0.018456 -0.013665 -0.001354  0.006080  0.007336 -0.029489 -0.007505  0.012096 -0.010288 -0.033576  0.009149
 0.032831 -0.020595 -0.012730 -0.007030 -0.025117 -0.004144 -0.036442  0.018852 -0.010324  0.027548  0.021043  0.018190  0.000164 -0.030047 -0.031884  0.039270
 0.017468 -0.019067  0.013471  0.018601 -0.030739  0.024278 -0.005879 -0.011122  0.047992  0.012889  0.016080 -0.004918 -0.011139  0.000720  0.003564  0.010962
-0.034116 -0.028689  0.000795 -0.037032 -0.014746 -0.006878  0.011606 -0.037412  0.016192  0.030246 -0.002886  0.013236  0.025868  0.030405  0.006745  0.008361
 0.008415 -0.007524 -0.004541 -0.032008 -0.015009  0.042111 -0.001856  0.009098 -0.010478  0.007027  0.010087 -0.002637  0.008848  0.009290 -0.027711 -0.020301
 0.028171 -0.032088 -0.016277  0.002752 -0.000333  0.004757 -0.020899 -0.029726  0.009853 -0.000238 -0.004856 -0.034805  0.017356 -0.003205  0.009367  0.000409
 0.016204  0.004919  0.008433 -0.033271  0.011878 -0.019493  0.018286 -0.029610  0.017517 -0.019119 -0.014820  0.022842  0.012745  0.006293  0.000556  0.022011
-0.006705 -0.038350 -0.003742  0.008224 -0.018158 -0.029325  0.007886  0.006231  0.009229  0.024079  0.003213 -0.027332  0.039991  0.120056  0.041945  0.011168
 0.034082  0.015419 -0.004299  0.028890  0.048478  0.017788  0.010281  0.045463  0.039415  0.013785 -0.013789 -0.012489  0.007504 -0.050846 -0.043791  0.003304

--- "a photo of an empty room" ---
-0.035613  0.026705 -0.008820  0.009752 -0.003528 -0.006282  0.016475 -0.081894 -0.023054 -0.003041 -0.007691 -0.051163  0.005598 -0.002510  0.028033 -0.041102
-0.038936  0.006916  0.026500  0.048828  0.043612  0.005480  0.034588 -0.032941 -0.016236  0.028811  0.025801  0.007362 -0.007014 -0.046107 -0.001501  0.015215
-0.014104  0.028420 -0.071122 -0.028660  0.019562 -0.010183 -0.021407 -0.014782 -0.001861 -0.033285  0.027487 -0.007759  0.054028  0.018422 -0.012138  0.005854
 0.033966  0.032452 -0.008303 -0.005352 -0.007732 -0.023966 -0.004041 -0.003550 -0.024851  0.018053 -0.056066  0.019325  0.000207 -0.018109  0.013124  0.009306
-0.002730 -0.018422  0.012432 -0.020713  0.040389 -0.007255 -0.045965 -0.010443  0.030324 -0.004028 -0.020506  0.009720  0.024646  0.063861  0.030721 -0.020218
-0.011529 -0.006027 -0.006445  0.031019 -0.003924  0.003746  0.034869 -0.023129 -0.021299 -0.023850  0.009112  0.026757 -0.132819  0.009310  0.008729  0.012578
 0.050475  0.006881 -0.006597 -0.048300  0.022713 -0.021918  0.023002 -0.009040 -0.016049  0.000076  0.005420 -0.004864  0.056601  0.003499 -0.000946 -0.020870
 0.008318  0.030894 -0.024593  0.013842  0.010317 -0.017268  0.028799 -0.014169  0.017818 -0.057124  0.033266 -0.012043 -0.012251 -0.048938 -0.015110 -0.020022
-0.018127  0.008785 -0.024658 -0.045836 -0.023151  0.562886 -0.005785  0.008894  0.004974 -0.009047  0.019453 -0.005347 -0.040252  0.013599 -0.021301  0.057801
-0.017190  0.007397 -0.005245 -0.050815  0.009999  0.022852  0.015257  0.006840  0.033496  0.024322  0.003301 -0.002492  0.014913 -0.024458  0.043920 -0.001871
-0.015945 -0.003434 -0.002168 -0.057831 -0.018421  0.007396  0.037298 -0.019056 -0.007194 -0.017110  0.002659  0.010717  0.009990  0.022966  0.004432  0.042863
-0.001456  0.009734 -0.007575  0.002296 -0.020270  0.015135 -0.001391 -0.008018 -0.037269 -0.024278 -0.033146 -0.008560 -0.002981  0.005393  0.009791 -0.031964
-0.026224 -0.019214  0.013666 -0.015307  0.021175  0.002478 -0.041625 -0.001882 -0.024205  0.012845  0.017385 -0.011492  0.005653 -0.032894  0.042901 -0.010232
 0.052990 -0.024336  0.020147  0.055630  0.035764  0.032436  0.005523 -0.000130  0.007931  0.023736  0.030449  0.024008  0.000369 -0.016348  0.001650  0.028023
-0.002837 -0.027977  0.027522  0.003794 -0.040378 -0.002064  0.022651  0.005074  0.001363  0.010106 -0.003163  0.015709  0.022937  0.027919 -0.031419 -0.000785
 0.007446  0.028370 -0.016334 -0.004667 -0.020827  0.056233 -0.002523 -0.011872 -0.030969  0.021715 -0.004582  0.002684 -0.020391  0.044704 -0.014554  0.003368
 0.001585  0.012193 -0.000131 -0.019888 -0.005420  0.052720 -0.017187  0.004306 -0.019812 -0.009638 -0.005839 -0.008302 -0.048903  0.013171 -0.039329  0.036228
 0.005271 -0.028521 -0.035089  0.001184  0.031392  0.043355 -0.020044 -0.004221  0.002545  0.014079 -0.002016  0.015529 -0.040728 -0.019944 -0.020403  0.017310
 0.024353 -0.011210  0.032028  0.015002  0.019466  0.014770 -0.032274 -0.006445 -0.022910  0.043611  0.018617  0.008096 -0.028733  0.000662  0.010992 -0.005384
-0.011648 -0.044569  0.012347 -0.038107  0.030721 -0.023291 -0.013761  0.043347  0.562926 -0.045491 -0.000355  0.015327  0.036356  0.025055  0.043123 -0.028453
 0.011141  0.017213  0.037238 -0.050763 -0.001025  0.012248  0.010482 -0.057820 -0.012587 -0.148720 -0.025385  0.007917 -0.015390 -0.021653  0.009589 -0.002380
 0.011251  0.017861 -0.011009  0.007002 -0.008565 -0.033044  0.017659  0.003500  0.001882 -0.009709  0.048155  0.081100  0.002859 -0.000308  0.076442 -0.021849
 0.012283  0.031386 -0.037815 -0.005411 -0.010713  0.015799 -0.012000  0.015097 -0.053735 -0.010097  0.036807  0.043664  0.032722 -0.023602  0.013100 -0.000806
-0.003486 -0.009875 -0.007151  0.001554 -0.000236  0.022233 -0.000930 -0.031572 -0.010226 -0.021060 -0.019158  0.000897  0.048614  0.010867  0.027785  0.005854
 0.045001  0.003864  0.006326  0.025093 -0.036340  0.027542 -0.033400  0.079311  0.006049  0.057553 -0.009031  0.031998  0.018003 -0.005529 -0.003260  0.044313
 0.014545 -0.020786  0.038050 -0.018738 -0.018054  0.004350  0.000886 -0.020531 -0.051520 -0.018921  0.017291 -0.019234  0.026045  0.053143  0.029097  0.008444
 0.005097 -0.010658 -0.004031  0.055115  0.021841 -0.033011 -0.025925 -0.029360 -0.016040  0.046230 -0.001741 -0.003435  0.005280  0.003517  0.012370 -0.014264
-0.018253 -0.005788  0.015519 -0.001507  0.004523  0.003562  0.035192  0.005395 -0.018040 -0.011754  0.011907 -0.013507  0.002694  0.038747 -0.043698 -0.025352
 0.006109  0.037631 -0.002024  0.014648 -0.001122  0.007552  0.001952  0.023188  0.020101 -0.013574  0.025509  0.011498 -0.008253  0.018365  0.032607  0.017599
 0.003425  0.027390 -0.014567  0.013904  0.019245  0.001502 -0.005725 -0.013928 -0.011476 -0.023544 -0.014610 -0.025307  0.008484 -0.000382  0.003106  0.034896
 0.022212 -0.040377 -0.015150 -0.013837 -0.030170  0.013001  0.006216 -0.011490 -0.002870  0.021043  0.035823 -0.014369  0.017721  0.100639  0.050718 -0.006981
 0.006052 -0.020887  0.003842  0.000407  0.004296 -0.006977 -0.014655  0.010901  0.059261  0.031969 -0.010808 -0.005518  0.006188 -0.071900  0.001344  0.000602

--- "a photo of a person" ---
-0.000751  0.024512 -0.006577  0.012351  0.006939 -0.024575 -0.011932 -0.078067 -0.005109  0.016693 -0.021322 -0.034124  0.019928 -0.001946  0.014360 -0.009200
 0.055922  0.024275 -0.012183 -0.003026  0.082108  0.028157  0.017819 -0.032328 -0.021158  0.000695  0.006157  0.053323 -0.028469 -0.001919  0.022747  0.009145
-0.023504  0.004503 -0.006197 -0.041314  0.007477 -0.017493 -0.004094  0.016229 -0.025926 -0.007087  0.007618  0.041891  0.019979  0.033560 -0.024059  0.022099
 0.006335 -0.003583  0.000789 -0.012280  0.018650 -0.016910 -0.023874 -0.027535  0.005607  0.003743 -0.007451  0.008913  0.068016 -0.015707  0.020721 -0.009964
 0.025641 -0.016886 -0.015712  0.041743 -0.009293 -0.010811 -0.014937 -0.007358 -0.001141  0.023444  0.000303  0.003164  0.021888  0.018550 -0.002746 -0.022485
 0.005898 -0.006731 -0.011164  0.021286 -0.007480  0.017141  0.036433 -0.025614  0.010669  0.000986  0.024184 -0.021425 -0.146736 -0.018816  0.015771 -0.003747
 0.005392  0.013206  0.024375  0.002656  0.017908  0.000019  0.014834  0.009092  0.001343 -0.029941  0.006568  0.010329  0.013647 -0.023099 -0.010000 -0.039520
 0.025178  0.011392 -0.004321  0.000157 -0.011114  0.021314 -0.006429 -0.018525  0.009703 -0.065966 -0.000034 -0.037228 -0.012771 -0.027444  0.001477 -0.002955
-0.025698  0.050968  0.020009 -0.025319 -0.037128  0.603893  0.026268 -0.007783 -0.019954 -0.043558  0.017728 -0.013645 -0.021830  0.017340 -0.043989  0.021549
-0.013371  0.027970 -0.026996 -0.013955 -0.023973 -0.018400  0.007946  0.015343  0.031190  0.018803 -0.001752 -0.017674 -0.005154 -0.018739 -0.011844  0.007240
-0.030141 -0.002444 -0.002801 -0.035198  0.015639 -0.005100  0.026097 -0.012666  0.018491 -0.011074 -0.005012 -0.013965 -0.015076 -0.005301 -0.035875  0.028928
 0.002049  0.005827  0.024429  0.004958 -0.002557  0.029358 -0.019657 -0.014806 -0.032871  0.009339  0.000155 -0.039828  0.001392 -0.003169  0.023938 -0.020741
 0.010320 -0.002162  0.013302  0.005286 -0.000963  0.000723 -0.014371 -0.007348  0.023034 -0.014042 -0.003921  0.024414  0.017904 -0.012332  0.006426 -0.039031
 0.030339  0.015332  0.046424  0.030143  0.012958  0.018833 -0.003958 -0.005091 -0.004140 -0.005291  0.014320 -0.017110  0.019394 -0.011973 -0.008069 -0.025633
-0.032370  0.000461 -0.002091  0.021098  0.002886 -0.019299 -0.006302  0.028194 -0.010529 -0.017107  0.020249 -0.023657 -0.008237 -0.006782 -0.029202 -0.004025
 0.009626  0.023211 -0.008945  0.000199 -0.033496 -0.018315 -0.005723  0.024700 -0.035654 -0.009511  0.005202 -0.003197  0.039990  0.011025 -0.028699 -0.005269
-0.024913 -0.022677  0.008449  0.007760  0.008982 -0.003417  0.012090 -0.033624 -0.027880  0.007168  0.029905  0.013013 -0.009352  0.001269 -0.007532 -0.008135
 0.025073 -0.026513 -0.007990  0.010158  0.017626  0.015496  0.004255 -0.013028 -0.004529  0.001020  0.026333  0.017396 -0.021851  0.020543 -0.042536 -0.005820
 0.012294 -0.027458  0.029753 -0.006441  0.004969  0.006038 -0.007959 -0.017817 -0.029955  0.001165 -0.004761 -0.016087  0.020088  0.002798  0.000659 -0.000335
-0.024068 -0.031040 -0.003607 -0.005331  0.031278 -0.005479 -0.000229 -0.009540  0.603786 -0.001986  0.017091  0.042353  0.000838  0.000055  0.030254 -0.012937
 0.005721  0.010537  0.047910  0.015687 -0.018538  0.010189 -0.007545 -0.011072  0.002834 -0.165780  0.013464  0.029814  0.014211 -0.022105 -0.005360  0.022792
 0.008838  0.025722 -0.004563 -0.001060 -0.000153 -0.014535  0.032225  0.006358 -0.002289 -0.024097  0.006544  0.024393  0.000420 -0.000650  0.014330  0.018973
 0.001922  0.037534 -0.021688  0.031320  0.006265 -0.008495 -0.021457  0.014377  0.037916 -0.031369 -0.010376  0.035263  0.028987 -0.010106  0.000791 -0.017947
 0.023802  0.000910 -0.025953 -0.001060  0.001162  0.023308  0.008024 -0.006041  0.034967  0.005745 -0.059474  0.009930 -0.005348  0.012323  0.006980 -0.030539
 0.011235 -0.014103 -0.011366  0.012798 -0.031694  0.008708 -0.022925  0.023303 -0.007128  0.023285 -0.004546  0.031121 -0.014293 -0.007064 -0.014404  0.022449
 0.017515  0.008717  0.026137  0.012152 -0.002299  0.011070  0.008878 -0.011567  0.003335  0.003107  0.009275 -0.006478  0.006515  0.038404 -0.006693  0.015371
-0.010049 -0.013079  0.011962 -0.006925  0.006836 -0.013704  0.017385 -0.017970  0.000158  0.004238 -0.003869  0.012857  0.009012  0.026916 -0.003101 -0.014799
 0.002615 -0.016912 -0.032337  0.015304 -0.000665 -0.002969  0.001272  0.007957 -0.028542  0.006585 -0.010561 -0.023274 -0.008664  0.010653 -0.033443 -0.037441
 0.016811  0.003765 -0.024539 -0.009321  0.012454  0.013320  0.008199  0.014790  0.016710 -0.022473 -0.013014 -0.043871  0.013689 -0.004057 -0.004208 -0.007205
 0.019163 -0.004470  0.024209 -0.004405  0.001122  0.014973  0.003230 -0.023590  0.008709 -0.010104  0.008212  0.020749  0.025011  0.006441 -0.020346  0.062199
-0.013277 -0.061769  0.024655  0.000831 -0.028968  0.004378  0.015992  0.018605  0.008162  0.004405 -0.005818  0.005480  0.000025  0.073463  0.022511 -0.013479
 0.016967  0.004988 -0.005120  0.017866  0.014758  0.006228 -0.005069  0.043208  0.071876  0.003270 -0.013711 -0.007025 -0.025198 -0.070370 -0.015639 -0.004500

================================================================================
IMAGE INFERENCE RESULTS
================================================================================

--- cat1.jpg ---
  Cosine similarities:
                  a photo of a cat: 0.2997
          a photo of an empty room: 0.1637
               a photo of a person: 0.2521
  Softmax probabilities (tau=100):
                  a photo of a cat: 0.9916 (99.2%)
          a photo of an empty room: 0.0000 (0.0%)
               a photo of a person: 0.0084 (0.8%)
  Detection: CAT DETECTED (cat_prob=0.9916)
  Raw 512-dim image embedding (first 32 values):
    -0.010143 -0.009238  0.007268 -0.042576 -0.024027 -0.028250  0.024405  0.008837  0.024877  0.005812  0.030098 -0.014694  0.016803  0.014018  0.029578  0.016280  0.112447  0.000059  0.024854 -0.017295  0.004885  0.016923  0.051935 -0.045347 -0.034429  0.045979  0.028044  0.015106  0.005463 -0.013585  0.003810  0.023056

--- cat_overhead_litterbot1.jpg ---
  Cosine similarities:
                  a photo of a cat: 0.2463
          a photo of an empty room: 0.1845
               a photo of a person: 0.2002
  Softmax probabilities (tau=100):
                  a photo of a cat: 0.9880 (98.8%)
          a photo of an empty room: 0.0020 (0.2%)
               a photo of a person: 0.0099 (1.0%)
  Detection: CAT DETECTED (cat_prob=0.9880)
  Raw 512-dim image embedding (first 32 values):
    -0.007103 -0.016948  0.036828  0.036641  0.018529  0.019817  0.020705  0.001572 -0.021008  0.028873  0.012984 -0.009953  0.039332  0.001465  0.014890 -0.027560  0.029768 -0.004299 -0.010610  0.015245 -0.103072 -0.027340  0.012164  0.000425  0.005271  0.030356  0.023892  0.020417  0.011814  0.007783 -0.006206  0.011060

--- cat_overhead_tabby1.jpg ---
  Cosine similarities:
                  a photo of a cat: 0.2471
          a photo of an empty room: 0.2089
               a photo of a person: 0.2016
  Softmax probabilities (tau=100):
                  a photo of a cat: 0.9685 (96.8%)
          a photo of an empty room: 0.0212 (2.1%)
               a photo of a person: 0.0103 (1.0%)
  Detection: CAT DETECTED (cat_prob=0.9685)
  Raw 512-dim image embedding (first 32 values):
    -0.036373 -0.010694  0.018206  0.033364  0.036722 -0.004570  0.006158 -0.014260 -0.005215  0.035868  0.001939 -0.024553  0.014878 -0.004030  0.022780 -0.010375 -0.001295  0.028793  0.006065  0.034286 -0.090031 -0.029939  0.034881  0.000295 -0.010987  0.013975  0.020300  0.008737  0.008821 -0.011203  0.007367 -0.010014

--- no_cat_overhead.jpg ---
  Cosine similarities:
                  a photo of a cat: 0.2125
          a photo of an empty room: 0.2343
               a photo of a person: 0.2026
  Softmax probabilities (tau=100):
                  a photo of a cat: 0.0975 (9.7%)
          a photo of an empty room: 0.8663 (86.6%)
               a photo of a person: 0.0362 (3.6%)
  Detection: No detection (cat_prob=0.0975)
  Raw 512-dim image embedding (first 32 values):
    -0.051308 -0.008740 -0.001750  0.007990  0.058659  0.015003  0.039659 -0.009618 -0.015502  0.002629 -0.004685  0.003508 -0.002145 -0.007422  0.015856 -0.005856  0.006599 -0.016322  0.028630  0.012430 -0.071754 -0.010399  0.005066 -0.001986  0.000136  0.009363  0.023341  0.018067 -0.011654  0.011447 -0.015088 -0.010707

--- litter_box_dirty_overhead_1.jpg ---
  Cosine similarities:
                  a photo of a cat: 0.2123
          a photo of an empty room: 0.2070
               a photo of a person: 0.1964
  Softmax probabilities (tau=100):
                  a photo of a cat: 0.5568 (55.7%)
          a photo of an empty room: 0.3293 (32.9%)
               a photo of a person: 0.1140 (11.4%)
  Detection: CAT DETECTED (cat_prob=0.5568)
  Raw 512-dim image embedding (first 32 values):
    -0.034137 -0.000280  0.007888  0.020202  0.040487 -0.006399 -0.006185  0.011092 -0.003422 -0.007796  0.000482  0.003070 -0.001025 -0.022308  0.023578 -0.034101  0.037589  0.016000  0.028626  0.016301 -0.109215 -0.001120  0.006164  0.001839  0.014175  0.038468  0.026507 -0.024323  0.016697 -0.024310 -0.007657  0.005983

--- litter_robot_moving_overhead_1.jpg ---
  Cosine similarities:
                  a photo of a cat: 0.2350
          a photo of an empty room: 0.2145
               a photo of a person: 0.1953
  Softmax probabilities (tau=100):
                  a photo of a cat: 0.8721 (87.2%)
          a photo of an empty room: 0.1115 (11.2%)
               a photo of a person: 0.0164 (1.6%)
  Detection: CAT DETECTED (cat_prob=0.8721)
  Raw 512-dim image embedding (first 32 values):
    -0.053006 -0.012456  0.016475  0.040961  0.044008 -0.009868 -0.022975 -0.018249 -0.015561 -0.014855 -0.000701  0.004098  0.011687 -0.000473  0.021885 -0.024752  0.022749  0.016004  0.006983  0.027735 -0.110482 -0.003557  0.011529  0.014263  0.011392  0.036260  0.035626 -0.015641  0.021973 -0.013912 -0.022271  0.000260

--- cat_with_litter_box_overhead_1.jpg ---
  Cosine similarities:
                  a photo of a cat: 0.2131
          a photo of an empty room: 0.2103
               a photo of a person: 0.2025
  Softmax probabilities (tau=100):
                  a photo of a cat: 0.4762 (47.6%)
          a photo of an empty room: 0.3597 (36.0%)
               a photo of a person: 0.1640 (16.4%)
  Detection: No detection (cat_prob=0.4762)
  Raw 512-dim image embedding (first 32 values):
    -0.039584  0.012713  0.016257  0.022709  0.034994 -0.005657 -0.012783  0.000837 -0.003126 -0.012135  0.001062  0.003912  0.002663 -0.015367  0.023195 -0.030785  0.037188  0.020577  0.025454  0.019435 -0.124876 -0.002918  0.017980 -0.010063  0.007296  0.036063  0.022263 -0.025806  0.006295 -0.029627  0.002129  0.000038

--- person_images/person_overhead_1.jpg ---
  Cosine similarities:
                  a photo of a cat: 0.1965
          a photo of an empty room: 0.1985
               a photo of a person: 0.2280
  Softmax probabilities (tau=100):
                  a photo of a cat: 0.0391 (3.9%)
          a photo of an empty room: 0.0481 (4.8%)
               a photo of a person: 0.9128 (91.3%)
  Detection: No detection (cat_prob=0.0391)
  Raw 512-dim image embedding (first 32 values):
    -0.029025 -0.008304  0.012273  0.020793  0.029786 -0.003114 -0.005394 -0.013355 -0.018713 -0.018692 -0.007514  0.013827  0.073677  0.005933  0.022332  0.001772  0.029499 -0.000880  0.015714 -0.016281 -0.056068 -0.017321 -0.010622 -0.011164  0.017563  0.002056 -0.024151  0.012363 -0.004136  0.013302 -0.015603  0.020183

--- person_overhead_catbox_1.jpg ---
  Cosine similarities:
                  a photo of a cat: 0.2216
          a photo of an empty room: 0.1777
               a photo of a person: 0.2100
  Softmax probabilities (tau=100):
                  a photo of a cat: 0.7530 (75.3%)
          a photo of an empty room: 0.0094 (0.9%)
               a photo of a person: 0.2377 (23.8%)
  Detection: CAT DETECTED (cat_prob=0.7530)
  Raw 512-dim image embedding (first 32 values):
    -0.024000 -0.022255  0.007338  0.019223  0.040353 -0.011874 -0.001392 -0.023743 -0.010041 -0.003817 -0.017948  0.007615  0.069604  0.019167 -0.010825  0.009947 -0.040220  0.008732  0.000407 -0.011057 -0.056299 -0.040409  0.000873  0.010560  0.039810  0.006001 -0.003803  0.003422 -0.014134 -0.001103 -0.001354 -0.003394

================================================================================
SUMMARY TABLE FOR DOCUMENTATION
================================================================================

Image                                          cat_sim room_sim person_sim  cat_prob   Result
--------------------------------------------------------------------------------------------------
cat1.jpg                                        0.2997   0.1637     0.2521   0.9916     CAT
cat_overhead_litterbot1.jpg                     0.2463   0.1845     0.2002   0.9880     CAT
cat_overhead_tabby1.jpg                         0.2471   0.2089     0.2016   0.9685     CAT
no_cat_overhead.jpg                             0.2125   0.2343     0.2026   0.0975     ---
litter_box_dirty_overhead_1.jpg                 0.2123   0.2070     0.1964   0.5568     CAT
litter_robot_moving_overhead_1.jpg              0.2350   0.2145     0.1953   0.8721     CAT
cat_with_litter_box_overhead_1.jpg              0.2131   0.2103     0.2025   0.4762     ---
person_images/person_overhead_1.jpg             0.1965   0.1985     0.2280   0.0391     ---
person_overhead_catbox_1.jpg                    0.2216   0.1777     0.2100   0.7530     CAT
